[(EWEWWWWE)(17))] 9.956 -5.437 -5.418 -5.501
[(EEEWWWEE)(16))] -5.256 -5.660 -5.929 14.225
[(EEEWWWEE)(15))] 30.199 30.764 28.610 31.019
[(EEEWWWEE)(14))] 33.793 -4.878 -5.023 -5.627
[(EEEEEEEE)(14))] 13.396 12.982 13.023 12.231
[(EEEEEEEE)(13))] 7.005 7.020 33.431 3.974
[(EEEEEEEE)(12))] 47.914 6.404 11.872 10.698
[(EEEEEEEE)(11))] 42.742 9.078 10.177 12.721
[(EEWEEWEW)(10))] 44.481 66.786 4.875 52.600
[(EEWEEWEW)(9))] 43.890 53.947 99.556 53.484
[(EEEEEEEE)(10))] 56.121 43.775 43.512 46.582
[(EEEEEEEE)(9))] 67.564 50.498 58.670 63.564
[(EEEEEEEE)(8))] 66.192 60.735 63.918 106.693
[(EEWEEWEW)(7))] 92.962 68.885 101.071 79.807
[(EEEEEEEE)(15))] 13.449 13.758 14.355 13.294
[(EWEEWEWE)(16))] 14.563 -6.612 -6.262 -6.566
[(EWEEWEWE)(15))] -6.118 11.831 12.960 11.264
[(EWEEWEWE)(14))] 6.421 30.626 6.075 28.532
[(EWEEWEWE)(13))] 22.522 7.593 6.972 7.132
[(EWEEWEWE)(12))] 100.645 8.484 7.595 6.520
[(EWEEWEWE)(11))] 45.772 11.446 8.461 8.428
[(EEEEEEEE)(7))] 68.986 71.591 66.745 90.484
[(EEEEEEEE)(6))] 137.807 110.522 113.068 150.677
[(EEEEEEEE)(5))] 165.614 125.279 126.839 169.115
[(EEEEEEEE)(4))] 128.530 81.545 90.178 149.020
[(EEEEEEEE)(3))] 159.137 154.495 183.209 116.367
[(EEWEEWEW)(3))] 176.284 249.666 183.529 279.185
[(EEWEEWEW)(4))] 207.204 171.065 161.300 248.119
[(EEWEEWEW)(5))] 154.586 117.630 112.557 159.779
[(EEWEEWEW)(6))] 72.101 76.022 113.412 89.986
[(EEEWWWEE)(13))] -4.827 5.923 7.553 74.604
[(EEEWWWEE)(12))] 31.998 14.247 13.905 13.392
[(EEWWWWEW)(11))] 32.237 -5.198 6.484 -5.078
[(EEWEEWEW)(8))] 90.245 22.982 24.082 22.084
[(EEWEEWEW)(2))] 263.292 316.462 210.965 92.113
[(GEWEEWEW)(1))] 194.435 164.675 173.998 205.792
[(WWWEEEEE)(4))] 85.450 20.062 58.075 -0.800
[(WWWEEEEE)(3))] -0.960 -0.800 -1.376 28.784
[(EEGEEEEE)(2))] 233.535 198.404 172.891 187.647
[(EWEEWEWE)(10))] 68.923 73.857 75.175 95.824
[(EWEEWEWE)(9))] 70.141 77.974 76.835 107.553
[(EWEEWEWE)(8))] 104.452 116.852 93.716 120.604
[(WWWEEEEE)(2))] 201.370 161.187 172.434 196.558
[(WWWEEEEG)(1))] 224.855 180.817 180.166 201.426
[(WWWEEEEE)(5))] 16.878 15.971 99.797 20.628
[(EWEEWEWE)(7))] 130.979 125.958 106.002 135.124
[(WWWEWEWE)(6))] 0.000 23.194 0.000 0.000
[(EWEWWWWE)(8))] 26.415 30.104 29.621 27.016
[(EEEEEEEE)(2))] 184.994 181.241 207.310 221.893
[(EEEWWWEE)(4))] 0.000 49.710 53.706 154.623
[(EEEWWWEE)(5))] 42.932 44.021 32.338 49.941
[(EEEWWWEE)(6))] 39.089 59.325 50.685 61.737
[(EEEWWWEE)(7))] 93.739 48.619 54.187 51.440
[(WWWEEWEW)(9))] 29.357 12.445 11.612 11.137
[(WWWEEEEE)(10))] 54.019 25.710 52.763 27.416
[(WWWEEEEE)(11))] 11.020 -0.800 10.973 67.041
[(WWWEEEEE)(12))] 0.000 0.000 18.093 16.173
[(EEWGEWEW)(1))] 102.502 19.597 238.471 135.034
[(EWEEWEWE)(6))] 128.022 129.057 119.959 151.268
[(EEEEEGEE)(2))] 146.814 25.811 191.463 167.730
[(WWWEEEEE)(13))] 18.473 0.000 14.076 0.000
[(WWWEEEEE)(14))] 24.869 0.000 0.000 0.000
[(WWWEWEWE)(15))] -1.541 1.003 -1.034 6.936
[(EEEWWWEE)(3))] 161.452 54.948 4.447 0.000
[(EEEEEEEG)(1))] 187.286 160.962 206.254 166.359
[(EEWWWWEW)(2))] 0.000 113.499 0.000 181.924
[(EWEWWWWE)(14))] 28.668 29.970 36.804 37.284
[(EEWEEEEE)(8))] 113.901 58.941 50.726 90.163
[(EEWEEEEW)(7))] 70.347 0.000 -0.800 114.684
[(WEEEEEEE)(9))] 47.666 91.089 53.766 59.922
[(EEWEEWEW)(12))] 19.698 18.506 21.196 29.690
[(EEWEEWEW)(11))] 29.843 28.535 24.854 52.810
[(EWWEEWEW)(10))] 0.000 80.900 0.000 49.368
[(EEEWWWEE)(11))] 9.613 52.419 8.855 68.258
[(EGWEEWEW)(2))] 197.300 218.349 190.191 173.122
[(GEEEEEEE)(1))] 195.486 211.556 208.347 228.754
[(EWEEWEWE)(5))] 72.200 69.155 139.851 76.388
[(EWEEWEWE)(4))] 172.604 75.614 145.575 79.516
[(EEWEEWEW)(13))] 16.727 15.830 6.301 31.121
[(WWWEEEEE)(17))] 28.728 21.409 28.728 22.604
[(WWWEEEEE)(18))] 13.726 19.790 24.857 19.067
[(WWWEEWEW)(16))] -1.459 4.617 -0.043 -1.566
[(EEEEEEEE)(16))] 33.031 24.863 33.004 24.855
[(EEWEEWEW)(14))] 31.151 31.276 18.193 33.041
[(EEWEEWEW)(15))] 30.412 28.730 37.812 28.728
[(EEWEEEEW)(10))] 57.243 55.439 70.971 55.586
[(EEWEEEEE)(9))] 79.968 62.827 62.855 62.874
[(WEEEEEEE)(8))] 38.796 39.262 44.965 43.820
[(EWWEEWEW)(7))] 89.552 79.968 79.968 101.071
[(EWWEEWWW)(6))] 49.431 53.031 51.788 50.796
[(EWWEWWWW)(5))] 115.136 45.525 101.071 127.125
[(EWEEWEWE)(17))] 18.609 -6.640 -6.590 -6.538
[(EEEEEEEE)(17))] 27.430 7.937 28.728 20.068
[(EWEEWEWE)(18))] -7.016 18.514 -6.680 -6.807
[(EEEEEEEE)(18))] 24.857 -6.891 -6.720 -6.556
[(EWEEWEWE)(19))] -6.683 -6.880 -6.923 -6.737
[(WWWEWEWE)(20))] -6.774 -6.507 -6.708 117.241
[(WWWEEEEE)(19))] 16.602 -6.828 147.962 -7.088
[(EWWEWWWW)(4))] 139.733 113.870 113.412 142.361
[(EWWEWWWW)(3))] 159.141 129.744 159.290 127.128
[(EWWEWWWW)(2))] 171.524 145.622 178.100 143.241
[(GWWEWWWW)(1))] 179.879 199.880 165.369 202.542
[(WWWEWEWE)(3))] 176.273 127.106 0.000 68.308
[(WWWEWWWW)(17))] -4.115 -2.479 28.669 -3.836
[(EWWEWWWW)(16))] -1.660 -2.402 -2.110 -3.029
[(EWWEWWWW)(15))] -2.518 -2.686 -3.733 17.506
[(EWWEWWWW)(14))] -3.005 23.916 -2.096 18.452
[(EWWEWWWW)(13))] -0.449 -0.426 -0.127 34.800
[(EWWEWWWW)(12))] 17.725 24.275 46.744 24.906
[(EWWEEWWW)(11))] 68.739 0.000 0.000 0.000
[(EWEWWWWE)(9))] 93.021 96.036 98.668 106.751
[(EEEWWWEE)(8))] 42.233 73.542 45.309 120.005
[(EEWEEEEW)(4))] 163.828 173.757 144.160 173.097
[(EGEEEEEE)(2))] 181.958 259.392 236.717 317.641
[(EEEEGEEE)(2))] 0.000 -0.800 325.884 178.024
[(EEWEEEEE)(5))] 0.000 123.082 124.993 160.995
[(EWWEWWWW)(11))] 3.777 2.231 1.986 39.412
[(EWWEWWWW)(10))] 3.381 38.541 3.631 49.234
[(EWWEWWWW)(9))] 64.756 5.666 3.477 32.423
[(EWWEEWWW)(8))] 0.000 44.053 42.313 35.441
[(WEEEEEEE)(6))] 102.418 54.978 37.249 51.737
[(EEEWWWEE)(9))] 47.455 55.371 56.168 57.112
[(EEEWWWEE)(10))] 0.000 -0.800 0.000 0.000
[(EWEEWEWE)(3))] 239.190 -0.800 0.000 -0.800
[(EWEEWEWE)(2))] 191.621 0.000 0.000 0.000
[(EEEEEEGE)(1))] 276.963 355.753 279.140 210.099
[(EEEGEEEE)(1))] 74.022 0.000 0.000 0.000
[(WWWEEWGW)(1))] 248.711 240.609 194.106 216.827
[(EWEWWWWE)(13))] 13.440 15.385 26.771 16.419
[(WEEEEEEE)(4))] 189.124 141.170 144.994 153.595
[(EWWEEEEE)(3))] 128.000 123.894 129.895 163.034
[(EEWEEEEE)(7))] 96.089 39.622 40.871 58.789
[(EWWEWEWE)(5))] 169.199 143.450 134.227 153.064
[(EEWEEEEW)(6))] 92.359 88.944 73.147 112.039
[(EWWEEWEW)(5))] 132.451 85.185 100.644 116.996
[(EWWEWWWW)(7))] 56.117 54.080 52.230 54.440
[(WWWEWWWW)(8))] 58.503 53.259 51.782 54.216
[(EEEEEWEW)(10))] 50.144 46.875 27.266 52.891
[(EEWWWWEW)(12))] 31.820 14.635 64.618 38.766
[(EWWEEEWW)(2))] 158.675 149.421 145.374 181.472
[(EEEEEWEE)(9))] 48.425 57.555 53.103 69.423
[(EEEWEEEE)(10))] 9.653 46.500 3.678 47.317
[(EWWEEWEW)(9))] 29.181 30.414 60.020 50.827
[(EWWEEWWW)(10))] 46.866 29.292 34.172 30.318
[(WWWEWWWW)(14))] 21.589 20.919 22.509 21.797
[(EEEEWEEE)(11))] 0.000 31.928 0.000 0.000
[(EEWWWWEW)(15))] 0.000 0.000 0.000 31.716
[(EEEEWEWE)(12))] 28.040 25.414 0.000 0.000
[(EWWEWEWW)(6))] 6.234 6.173 144.645 6.477
[(EWWEEEWW)(12))] 24.717 25.883 29.207 26.524
[(EWWEEEEE)(11))] 26.665 28.154 26.036 26.455
[(WEEEEEEE)(10))] 87.663 58.855 46.587 29.902
[(EEWEEEEW)(8))] 43.583 31.775 70.657 29.545
[(EWWEEWWW)(4))] 124.129 120.416 124.876 157.077
[(EEEEEWEW)(12))] 17.121 14.228 16.469 -0.800
[(EEEEEWEE)(11))] 40.859 0.000 19.439 31.251
[(EWWEWEWE)(13))] 34.167 34.603 34.977 39.496
[(EWWEWEWW)(14))] 11.159 -1.994 -0.800 -1.615
[(WEEEEEEE)(12))] 50.085 0.000 20.559 18.120
[(EEEEWEEE)(9))] 25.232 18.972 0.000 51.218
[(EWEWWWWE)(3))] 181.291 161.180 153.367 152.821
[(EEEWWWEE)(2))] 201.877 165.685 177.020 170.493
[(EEEEEWEE)(3))] 30.690 95.521 126.982 0.000
[(EEEEEWEW)(2))] 163.052 0.000 0.000 51.823
[(EEEWEEEE)(4))] -0.800 -0.800 51.847 86.797
[(EEEEWEEE)(5))] 30.889 31.901 -0.800 70.308
[(EEEEWEWE)(6))] 22.205 0.000 27.980 0.000
[(EEWWWWEW)(9))] 0.000 28.333 29.187 28.498
[(EWWEEEEE)(9))] 47.466 0.000 39.195 17.006
[(EWWEWEWE)(11))] 57.975 44.763 57.993 70.265
[(EWWEWEWW)(12))] 65.064 65.030 65.052 67.458
[(EEEWWWEG)(1))] 225.781 173.969 196.950 196.832
[(WWWEWWWW)(12))] 32.963 18.019 67.810 32.445
[(EWWEEEWW)(10))] 18.606 0.000 16.612 18.553
[(EEWWWWEW)(14))] 20.799 0.000 0.000 14.101
[(EWWEEEEE)(7))] 44.812 0.000 0.000 0.000
[(EEEEWEWE)(10))] 0.000 0.000 0.000 44.886
[(EWEWWWWE)(12))] 0.000 -0.800 14.792 0.000
[(EEWWWWEW)(16))] 30.323 31.720 32.173 42.557
[(WEWEEEEE)(14))] 33.300 38.558 34.603 33.280
[(WWWEEWEW)(15))] 42.623 51.320 35.085 31.768
[(EWEEWEWW)(12))] 37.421 44.221 33.954 44.370
[(EWEEWWWE)(11))] 49.666 46.180 44.269 48.640
[(EEEWEWEE)(10))] 51.624 47.076 46.719 57.553
[(WEWEEEEE)(5))] 126.931 156.285 123.484 129.722
[(EEWEEEEE)(4))] 135.039 124.192 141.509 189.176
[(EWEEEEEW)(3))] 171.852 169.057 168.895 211.288
[(EWGEEWWE)(2))] 234.589 214.860 188.953 235.909
[(GEWWEWEW)(1))] 199.147 189.936 209.159 263.078
[(WWWEEEEE)(6))] 142.954 111.951 112.189 76.729
[(WWEEEEEE)(7))] 53.080 67.105 62.895 59.524
[(WWWEWWWW)(7))] 6.947 6.283 7.554 6.760
[(EEWEWWEW)(11))] 7.893 8.005 3.796 50.163
[(EWWEEWEW)(8))] 66.653 70.771 89.964 67.742
[(EEEWWEEE)(10))] 9.148 11.242 26.515 9.912
[(EEEEEWEE)(7))] 33.832 27.070 27.314 55.203
[(EEWEWWWW)(12))] 0.000 0.000 -0.032 51.102
[(EWWWWWWW)(16))] -3.829 -2.635 -1.870 16.178
[(EWWEWEWW)(4))] 0.000 0.000 0.000 0.000
[(WWWEWEWG)(1))] 263.242 209.317 211.213 202.157
[(WWWEEWEW)(11))] 37.508 45.440 62.874 55.662
[(WEWEEEEE)(12))] 24.815 0.000 73.368 0.000
[(WWWEEWEW)(12))] 70.001 71.376 68.654 68.450
[(WWWEWEWE)(11))] 63.097 65.467 80.385 69.968
[(EWEEEWWE)(10))] 66.543 74.526 90.382 70.889
[(EWEEEEEW)(9))] 97.704 42.207 101.519 80.379
[(WEWEEEEE)(7))] 127.661 101.055 69.198 71.659
[(EEWEWWEW)(7))] 33.515 71.439 30.504 30.835
[(EWWEEWEW)(4))] 143.276 142.295 142.813 178.831
[(WWEEEEEE)(5))] 159.949 127.524 128.218 153.010
[(EEWEWWWW)(8))] 24.714 28.876 0.000 73.941
[(EWWWWWWW)(12))] 2.506 1.523 34.868 27.134
[(EEEWEEEE)(8))] 60.693 71.360 70.553 104.179
[(EEWEEWWW)(3))] 181.640 191.784 153.750 199.813
[(EGWEWWEW)(2))] 222.709 223.125 178.584 218.097
[(GWEWWEWE)(1))] 199.751 210.633 218.334 249.028
[(EEWWEWEW)(11))] 65.328 80.397 46.374 38.995
[(EWEEEWWE)(4))] 0.000 -1.376 0.000 0.000
[(EWEEWWWE)(15))] 0.000 0.000 0.000 8.317
[(WWWEWWWW)(13))] 48.983 50.686 69.483 68.173
[(EEEWWEEE)(12))] 7.314 0.000 7.399 0.000
[(EEEWEWEE)(14))] 0.000 0.000 17.590 8.036
[(WWWEWWWW)(5))] 0.000 54.311 35.887 21.226
[(WWWEWEWE)(12))] 55.586 48.396 44.568 54.525
[(EWEWWEWE)(11))] 61.902 49.827 38.430 38.915
[(EEWEWWEW)(10))] 53.014 39.224 70.971 55.123
[(EEWEEWWW)(9))] 76.959 78.096 79.968 62.760
[(EWWEWEWE)(7))] 0.000 0.000 0.000 45.074
[(EWEEEEEW)(5))] 12.677 0.000 0.000 0.000
[(WWEEEEEE)(3))] 101.776 98.052 0.000 0.000
[(WWWEEWEW)(2))] 0.000 0.000 0.000 0.000
[(EEWEWWEW)(4))] 0.000 0.000 0.000 0.000
[(EWEWWWWE)(16))] 45.533 38.934 43.177 59.429
[(EWWEWEWE)(15))] 40.744 45.143 49.443 67.178
[(WEWEEEEE)(16))] 62.655 27.028 32.167 47.202
[(WWWEEWEW)(17))] 120.974 62.758 45.257 69.273
[(EEWWWWEW)(18))] 45.813 45.293 44.617 44.502
[(EEEWWWEE)(17))] 48.806 51.826 45.064 48.131
[(EWEEWEWW)(14))] 46.077 67.743 46.565 75.760
[(EWEEWWWE)(13))] 67.676 59.477 67.085 85.274
[(WWEEEEEE)(9))] 79.968 48.288 56.702 75.493
[(EEEWEEEE)(6))] 16.969 50.122 90.074 113.282
[(EEWEWWEW)(5))] 121.339 100.121 127.125 101.016
[(EEEEEWEW)(8))] 0.000 32.040 6.106 59.342
[(WEWEEEEE)(11))] 48.096 24.690 69.376 9.462
[(EEWEEEEE)(12))] 55.523 11.645 13.599 -0.960
[(EWEEEEEW)(13))] 15.850 18.715 -0.800 0.000
[(WEEEEEEE)(14))] 5.227 -1.376 5.494 13.573
[(EEEWEWEE)(12))] 8.926 69.734 66.188 49.513
[(EEWEWWWW)(4))] 127.540 127.645 142.361 113.427
[(EEWEWWEW)(9))] 0.000 8.075 -0.800 49.543
[(EEWEWWWW)(10))] 0.000 -0.800 0.000 0.000
[(EEWWEWEW)(15))] -1.602 -1.018 8.227 -1.788
[(EWEEEWWE)(14))] -1.184 1.946 17.316 -0.865
[(EWWGWWWW)(1))] 163.456 192.079 199.000 160.070
[(EEWEEEEE)(6))] 75.428 0.000 0.000 0.000
[(WWWEEWEW)(5))] 0.000 0.000 0.000 0.000
[(EEWWEWEW)(3))] 0.000 0.000 0.000 0.000
[(EWEEWEWW)(8))] 0.000 0.000 37.244 0.000
[(EEWWWWEW)(4))] 56.831 78.488 0.000 0.000
[(EWWEWEWW)(16))] 29.715 29.676 29.008 31.084
