[(L(17)EWEWWWWE))] -5.303 -5.219 -5.074 -4.680
[(L(16)EEEWWWEE))] 5.190 -5.089 -5.163 -5.514
[(L(15)EEEEEEEE))] 4.120 -5.189 -5.425 2.844
[(L(14)EEEEEEEE))] 2.612 1.109 1.052 1.842
[(L(15)EEEWWWEE))] 125.124 42.514 43.279 45.603
[(L(13)EEEEEEEE))] 1.590 0.744 8.983 25.230
[(L(12)EEEEEEEE))] 25.278 18.426 19.641 20.133
[(L(11)EEEEEEEE))] 21.739 21.100 25.381 25.224
[(L(13)EWEEWEWE))] 21.508 -4.010 -4.348 18.572
[(L(12)EWEEWEWE))] 22.288 22.574 24.206 24.576
[(U(11)EWEEWEWE))] 33.619 2.591 2.350 2.671
[(U(10)EWEEWEWE))] -3.875 6.180 -3.853 40.946
[(U(9)EWEEWEWE))] -3.727 -3.649 -3.557 47.199
[(U(8)EEEEEEEE))] 64.394 -3.622 40.225 69.692
[(U(7)EEEEEEEE))] 38.664 57.383 55.035 64.754
[(L(6)EEEEEEEE))] 137.119 120.575 115.949 151.296
[(L(8)EEEEEEEE))] 105.860 87.534 67.434 114.952
[(L(7)EEEEEEEE))] 126.936 105.452 104.429 128.910
[(U(6)EEEEEEEE))] 118.983 69.299 98.825 108.136
[(U(8)EWEEWEWE))] -3.329 -2.994 -3.368 54.862
[(U(7)EWEEWEWE))] 106.034 51.844 50.475 -1.385
[(U(5)WWWEEEEE))] 76.503 -2.382 -2.589 91.941
[(U(4)WWWEEEEE))] 85.836 -2.508 67.143 -1.906
[(U(5)EEEEEEEE))] 133.315 57.228 135.368 86.915
[(U(4)EEEEEEEE))] 138.436 94.402 103.521 192.852
[(U(3)EEEEEEEE))] 181.680 62.600 180.105 56.837
[(L(2)EEGEEEEE))] 209.561 203.203 191.805 201.586
[(L(3)EEEEEEEE))] 172.773 192.945 182.092 276.875
[(L(4)EEEEEEEE))] 115.192 113.752 115.425 144.939
[(L(5)EEEEEEEE))] 169.175 135.167 135.109 169.218
[(U(3)WWWEEEEE))] 159.290 -2.172 -2.236 -1.536
[(L(3)EEWEEWEW))] 164.023 117.060 213.762 250.765
[(L(2)EEWEEWEW))] 167.787 152.511 152.084 179.153
[(L(4)EEWEEWEW))] 186.709 183.997 119.199 209.178
[(L(1)GEWEEWEW))] 168.947 170.771 164.419 199.112
[(L(9)EEEEEEEE))] 75.782 78.494 45.449 101.528
[(L(10)EEEEEEEE))] 25.908 28.464 26.635 82.367
[(L(9)EEWEEWEW))] 57.236 42.303 10.574 28.968
[(L(13)EEEWWWEE))] 23.812 7.599 21.393 -0.921
[(L(12)EEEWWWEE))] 32.920 26.812 22.090 25.228
[(L(14)EEEWWWEE))] -1.139 -5.027 -2.354 -0.097
[(L(11)EEWWWWEW))] 32.999 -1.978 -4.866 59.675
[(L(10)EEWEEWEW))] 15.308 33.304 2.216 2.929
[(L(16)EWEEWEWE))] -5.249 16.351 -4.751 -4.818
[(L(15)EWEEWEWE))] -4.070 -3.162 -0.843 1.028
[(L(14)EWEEWEWE))] 23.087 0.972 1.708 1.579
[(U(9)EEEEEEEE))] 101.460 35.840 51.347 -1.594
[(L(5)EEWEEWEW))] 109.559 134.237 85.224 159.948
[(L(6)EEWEEWEW))] 13.066 111.918 10.018 61.311
[(L(7)EEWEEWEW))] 54.625 45.545 47.711 76.826
[(L(8)EEWEEWEW))] 44.498 46.581 45.386 56.170
[(U(2)WWWEEEEE))] 205.671 108.473 186.144 198.559
[(U(1)WWWEEEEG))] 224.855 178.176 175.876 194.226
[(U(6)WWWEWEWE))] -2.467 -2.707 -2.947 -2.454
[(U(8)EWEWWWWE))] 124.118 85.717 104.527 92.448
[(U(7)EEEWWWEE))] 143.712 93.990 73.783 99.674
[(U(6)EEEWWWEE))] 156.148 116.841 148.946 92.616
[(U(5)EEEWWWEE))] 160.557 136.332 115.410 93.912
[(L(4)EEEWWWEE))] 168.064 122.550 148.735 209.670
[(L(3)EEEWWWEE))] 170.288 150.598 166.821 215.356
[(L(2)EEWWWWEW))] 159.422 148.067 163.037 180.597
[(U(2)EEEEEEEE))] 265.865 168.195 137.432 0.000
[(U(1)EEEEEEEG))] 381.638 109.727 217.729 149.123
[(U(6)EWEEWEWE))] 0.000 85.073 0.000 0.000
[(R(2)EEEEEGEE))] 200.592 137.966 200.839 161.140
[(R(3)EEEEEEEE))] -0.800 -0.744 182.801 28.113
[(R(2)EEWEEWEW))] -0.800 0.000 -0.800 0.000
[(R(1)EEWGEWEW))] -0.800 174.921 227.572 -0.800
[(R(4)EEEEEEEE))] 51.855 0.000 163.792 50.105
[(R(6)EEEEEEEE))] 0.000 0.000 74.632 0.000
[(R(8)EEEEEEEE))] 89.964 62.497 28.964 68.617
[(R(9)WWWEEWEW))] -0.800 -0.800 -0.800 -0.960
[(R(8)EEWEEWEW))] -0.800 0.000 -0.800 0.000
[(R(10)WWWEEEEE))] 70.283 -2.860 -2.764 -1.499
[(R(9)EEEEEEEE))] 61.899 9.397 12.189 10.558
[(R(7)EEWEEWEW))] 81.901 79.967 101.071 79.967
[(R(6)EEWEEWEW))] 90.350 89.964 113.412 89.964
[(R(5)EEWEEWEW))] 0.000 0.000 -0.800 -0.800
[(R(4)EEWEEWEW))] -0.800 -0.800 0.000 0.000
[(R(5)EEEEEEEE))] 0.000 0.000 130.218 38.628
[(L(14)EWEWWWWE))] 44.881 43.236 41.675 51.065
[(L(11)EWEEWEWE))] 33.934 50.237 33.449 49.821
[(L(2)EEEEEEEE))] 226.916 233.911 226.600 231.301
[(L(2)EGWEEWEW))] 223.055 234.701 226.692 125.622
[(L(7)EEWEEEEW))] 134.594 109.943 0.000 0.000
[(L(8)EEWEEEEE))] 113.892 89.937 90.548 90.353
[(L(8)EWEEWEWE))] 114.853 105.649 96.464 120.652
[(L(9)EWEEWEWE))] 102.193 88.383 85.244 107.627
[(L(7)EWEEWEWE))] 134.150 112.621 107.603 135.167
[(L(6)EWEEWEWE))] 151.297 138.829 120.716 151.296
[(U(5)EWEEWEWE))] 142.972 102.013 0.000 0.000
[(L(1)GEEEEEEE))] 249.284 198.787 221.433 230.392
[(L(11)EEWEEWEW))] 25.506 32.587 25.205 52.454
[(L(9)WEEEEEEE))] 0.000 0.000 61.120 70.243
[(L(12)EEWEEWEW))] 24.023 25.561 27.522 25.532
[(L(10)EWWEEWEW))] 4.395 26.339 53.592 26.744
[(L(11)EEEWWWEE))] 27.161 24.096 26.654 34.048
[(L(13)EEWEEWEW))] -3.919 -3.159 -4.361 31.366
[(U(4)EWEEWEWE))] 150.804 155.826 171.131 111.265
[(L(10)EWEEWEWE))] 90.434 76.057 76.120 96.003
[(U(17)WWWEEEEE))] 28.728 21.671 28.728 28.728
[(U(16)WWWEEWEW))] 32.197 24.855 33.031 28.252
[(U(15)EEWEEWEW))] 28.778 28.728 37.812 28.728
[(U(16)EEEEEEEE))] 33.031 25.941 33.031 24.841
[(U(17)EEEEEEEE))] 28.728 10.600 28.414 19.126
[(U(18)EEEEEEEE))] -6.592 -6.690 23.424 -6.744
[(L(14)EEWEEWEW))] -4.119 -4.172 -4.416 -2.071
[(U(15)EEEEEEEE))] 37.812 19.705 13.213 27.242
[(L(10)EEWEEEEW))] 61.969 55.586 70.971 55.586
[(L(8)WEEEEEEE))] 44.371 50.495 32.212 32.763
[(L(7)EWWEEWEW))] 97.691 79.968 79.968 101.071
[(L(9)EEWEEEEE))] 79.968 62.874 62.873 62.874
[(L(6)EWWEEWWW))] 60.496 74.492 63.689 58.358
[(U(18)WWWEEEEE))] 23.586 -6.777 24.902 -1.344
[(U(19)WWWEEEEE))] -6.631 -6.753 -6.865 -6.614
[(U(20)WWWEWEWE))] -6.546 -6.500 -6.544 -6.573
[(U(19)EWEEWEWE))] -6.545 -6.453 -6.500 -6.475
[(L(5)EWWEWWWW))] 126.482 126.577 101.071 127.125
[(U(16)EWEEWEWE))] -5.695 -5.884 19.742 -5.366
[(U(15)EWEEWEWE))] -5.813 23.648 0.156 0.156
[(U(17)EWEEWEWE))] -5.814 -6.666 -4.448 -5.781
[(U(18)EWEEWEWE))] 11.664 -6.615 -6.169 -6.238
[(L(4)EWWEWWWW))] 124.859 119.059 113.412 142.361
[(L(3)EWWEWWWW))] 143.987 152.862 139.547 171.754
[(L(2)EWWEWWWW))] 178.997 156.260 154.979 194.577
[(L(1)GWWEWWWW))] 167.883 168.462 164.694 202.826
[(D(17)WWWEWWWW))] -3.499 -3.202 3.975 -3.409
[(D(16)EWWEWWWW))] -3.271 -2.631 13.334 -1.890
[(D(15)EWWEWWWW))] -2.800 -2.726 23.536 3.100
[(L(14)EWWEWWWW))] -0.800 2.468 3.198 3.804
[(L(13)EWWEWWWW))] 28.961 5.319 36.467 32.677
[(L(12)EWWEWWWW))] 1.898 20.755 25.202 1.983
[(L(11)EWWEEWWW))] 0.000 0.000 37.820 18.034
[(L(14)EEWWWWEW))] 1.649 1.639 -2.038 1.963
[(U(3)WWWEWEWE))] 143.587 0.000 0.000 144.085
[(D(1)WWWEEWGW))] 222.374 249.028 199.812 248.153
[(L(9)EWEWWWWE))] 114.582 115.321 108.885 123.866
[(L(8)EEEWWWEE))] -0.800 93.957 110.960 129.679
[(L(7)EEEWWWEE))] -0.800 93.708 0.000 167.332
[(L(2)EGEEEEEE))] 76.747 238.827 200.579 326.799
[(D(3)EEWEEWEW))] 60.348 213.769 51.471 60.770
[(L(4)EEWEEEEW))] -0.800 0.000 157.454 72.598
[(L(5)EEWEEEEE))] 105.095 179.662 74.918 0.000
[(L(4)EWEEWEWE))] 187.598 171.785 118.304 23.933
[(U(3)EWEEWEWE))] 209.870 163.177 164.289 0.000
[(L(5)EWEEWEWE))] 175.822 -0.800 127.172 185.676
[(L(6)WEEEEEEE))] 63.968 60.462 66.038 63.216
[(D(2)EEWEEWEW))] 87.702 54.740 69.225 0.000
[(U(2)EWEEWEWE))] 0.000 0.000 221.889 0.000
[(R(1)EEEGEEEE))] -0.800 0.000 0.000 37.555
[(R(2)EEEEGEEE))] 61.477 37.850 46.099 59.226
[(D(1)EEEEEEGE))] 0.000 356.395 0.000 65.138
[(R(2)EEEEEEEE))] 28.437 36.940 0.000 42.357
[(R(4)EWEEWEWE))] -0.429 0.000 199.621 0.000
[(L(9)EEEWWWEE))] 40.281 20.484 22.326 62.613
[(L(13)EWEWWWWE))] 26.497 25.569 27.425 25.104
[(L(7)EEWEEEEE))] 87.568 50.505 62.799 59.061
[(L(9)EWWEEWEW))] 23.898 38.132 24.573 22.755
[(L(10)EWWEEWWW))] 23.092 139.356 45.173 21.264
[(D(11)EWWEWWWW))] 32.821 22.995 35.802 28.971
[(L(4)WEEEEEEE))] 189.132 164.878 151.296 151.299
[(L(6)EEWEEEEW))] 75.258 73.575 67.674 69.750
[(L(5)EWWEEWEW))] 62.656 64.978 66.488 124.474
[(L(3)EWWEEEEE))] 122.252 85.717 129.607 162.009
[(D(7)EWWEWWWW))] 54.281 55.224 59.215 52.829
[(D(8)WWWEWWWW))] 53.444 54.167 54.710 54.593
[(L(2)EWWEEEWW))] 153.092 151.941 145.674 180.804
[(L(5)EWWEWEWE))] 81.369 75.329 66.488 69.563
[(L(9)EEEEEWEE))] 16.035 2.814 12.688 86.096
[(L(6)EWWEWEWW))] 53.039 68.810 70.234 51.960
[(U(7)EWWEWWWW))] -2.269 -2.112 62.389 -2.213
[(L(15)EEWWWWEW))] -4.152 -4.330 -4.228 -4.385
[(L(12)EEEEWEWE))] -1.716 -4.320 -4.164 -4.082
[(L(11)EEEEWEEE))] 18.756 31.077 -4.473 -4.050
[(L(10)EEEWEEEE))] 10.559 22.872 2.744 17.487
[(L(10)EEEEEWEW))] 18.764 1.279 23.639 14.890
[(L(12)EEWWWWEW))] 25.203 26.190 26.367 28.952
[(U(8)WWWEWWWW))] -1.536 -1.798 -2.373 -1.683
[(D(12)EWWEWWWW))] 25.417 19.288 34.760 20.017
[(D(13)EWWEWWWW))] 21.579 18.819 24.724 17.940
[(D(14)WWWEWWWW))] 22.360 28.719 16.820 16.884
[(U(14)WWWEWWWW))] 15.969 25.724 31.578 17.044
[(U(13)EWWEWWWW))] 25.682 20.306 37.064 23.426
[(U(12)EWWEEEWW))] 31.483 22.598 48.539 29.639
[(U(11)EWWEEEEE))] 40.737 25.700 28.260 26.436
[(U(12)WEEEEEEE))] 26.324 6.003 23.506 25.051
[(U(13)EWWEWEWE))] 0.000 -0.992 28.189 0.175
[(U(11)EEEEEEEE))] 2.122 1.470 2.547 0.155
[(L(10)WEEEEEEE))] 36.859 27.684 51.010 40.423
[(L(8)EEWEEEEW))] 56.753 48.773 61.255 40.989
[(L(11)EEEEEWEE))] 29.611 20.988 22.466 31.508
[(L(12)EEEEEWEW))] 5.826 2.534 4.646 43.631
[(L(9)EEEEWEEE))] 46.059 42.434 40.551 50.973
[(L(10)EEEEWEWE))] 39.431 0.000 0.000 27.278
[(U(12)EWEEWEWE))] 1.159 1.619 4.184 4.857
[(L(4)EWWEEWWW))] 133.931 126.407 113.290 154.795
[(L(12)EWEWWWWE))] 0.000 0.000 0.000 35.626
[(U(14)EWWEWEWW))] 8.241 0.000 0.000 0.000
[(U(3)EWEWWWWE))] 182.565 151.446 152.830 145.998
[(U(2)EEEWWWEE))] 201.086 168.021 166.495 163.489
[(U(1)EEEWWWEG))] 226.591 186.550 181.323 183.333
[(U(11)EWWEWWWW))] 1.801 2.547 2.910 3.094
[(R(2)EEEEEWEW))] 0.000 0.000 167.668 0.000
[(U(12)WWWEWWWW))] 22.095 20.946 21.496 20.129
[(L(16)EEWWWWEW))] 41.500 44.876 98.411 44.385
[(L(15)WWWEEWEW))] 45.055 47.929 46.323 42.145
[(L(14)WEWEEEEE))] 48.297 48.117 43.577 41.542
[(L(13)EWWEWEWE))] 47.333 51.993 52.273 58.049
[(L(12)EWEEWEWW))] 54.174 55.998 50.628 64.733
[(L(11)EWEEWWWE))] 54.441 58.208 57.013 72.899
[(U(5)EWWEWEWE))] 169.218 172.992 134.803 160.477
[(L(3)EWEEEEEW))] 206.165 169.218 169.218 211.257
[(L(4)EEWEEEEE))] 135.989 130.311 143.386 189.132
[(L(2)EWGEEWWE))] 235.841 196.947 189.132 235.841
[(L(1)GEWWEWEW))] 211.079 204.090 169.006 263.157
[(U(1)WWWEWEWG))] 263.157 232.050 211.257 232.817
[(L(10)EEEWEWEE))] 60.663 19.806 56.775 56.165
[(U(6)EWWEWEWW))] 156.150 145.479 190.383 157.461
[(U(7)WWWEWWWW))] 20.055 167.200 19.898 19.506
[(L(7)WWEEEEEE))] 69.533 76.817 76.499 69.342
[(L(8)EWWEEWEW))] 35.070 78.677 26.213 30.174
[(D(9)EEWEEWWW))] 23.252 41.993 70.285 52.126
[(L(6)WWWEEEEE))] 142.953 113.892 119.473 121.128
[(L(11)EEWEWWEW))] 19.600 4.184 4.199 2.380
[(L(5)WEWEEEEE))] 106.030 166.978 120.065 111.558
[(L(10)EEEWWEEE))] 24.758 63.532 18.244 21.951
[(L(12)EEWEWWWW))] 5.146 3.414 36.197 4.991
[(L(15)EWWEWWWW))] -0.800 0.000 -0.960 3.857
[(L(16)EWWWWWWW))] -0.800 -0.800 -0.800 -0.800
[(D(10)EEWEWWEW))] -1.683 43.726 58.600 -1.683
[(D(11)WWWEEWEW))] 41.553 -2.213 -1.651 -2.176
[(D(11)EWEWWEWE))] 50.505 16.628 35.525 35.851
[(D(12)WWWEWEWE))] 25.870 -2.098 45.174 1.307
[(L(14)EWWWWWWW))] 34.025 33.447 35.792 5.806
[(L(5)WWEEEEEE))] 159.948 127.658 135.092 158.913
[(L(7)EEWEWWEW))] -0.800 0.000 -0.800 27.969
[(L(8)EEWEWWWW))] -0.800 0.000 0.000 -0.800
[(L(9)EWWEWWWW))] -0.800 -0.800 -0.800 0.000
[(L(10)EWWEWWWW))] -0.800 0.000 -0.800 -0.800
[(L(11)EWWEWWWW))] 0.000 0.000 -0.800 -0.800
[(L(12)EWWWWWWW))] 0.000 -0.800 0.000 0.000
[(L(4)EWWEEWEW))] 144.124 142.953 142.953 178.831
[(L(3)EEWEEWWW))] 182.064 195.733 159.948 199.812
[(L(2)EGWEWWEW))] 214.441 223.125 178.795 223.125
[(L(1)GWEWWEWE))] 196.893 188.015 239.807 249.028
[(U(12)WWWEEWEW))] 64.454 71.286 71.285 64.728
[(U(11)EEWWEWEW))] 66.191 80.317 43.096 62.390
[(U(11)WWWEWEWE))] 63.157 64.520 80.317 73.007
[(U(10)EWEEEWWE))] 71.283 81.880 90.353 71.286
[(U(9)EWEEEEEW))] 80.669 80.315 101.503 80.317
[(L(7)WEWEEEEE))] 127.658 101.477 104.936 102.097
[(L(8)EEEWEEEE))] 0.000 0.000 95.870 0.000
[(U(10)WEEEEEEE))] 90.353 50.527 0.000 49.473
[(L(12)EEEWWEEE))] 0.000 35.322 0.000 27.152
[(U(11)EWWEWEWE))] 73.465 39.909 29.577 7.080
[(L(14)EEEWEWEE))] 0.000 0.000 0.000 15.519
[(U(12)EWWEWEWW))] 28.301 6.837 69.237 31.935
[(U(13)WWWEWWWW))] 6.579 28.748 29.440 28.436
[(U(6)EWEWWWWE))] 0.000 0.000 0.000 0.000
[(U(16)EWEWWWWE))] 46.285 56.800 51.815 59.688
[(U(17)EEEWWWEE))] 49.879 52.490 47.514 51.685
[(U(18)EEWWWWEW))] 53.393 54.103 50.226 46.988
[(U(17)WWWEEWEW))] 32.083 52.490 50.445 48.783
[(U(16)WEWEEEEE))] 32.479 59.433 46.076 52.561
[(U(15)EWWEWEWE))] 52.498 64.699 52.490 67.613
[(U(14)EWEEWEWW))] 68.469 74.295 59.720 76.268
[(U(13)EWEEWWWE))] 67.143 82.774 67.524 85.506
[(U(12)EEEWEWEE))] 43.850 75.719 25.679 1.492
[(U(11)EEEWWWEE))] 0.081 54.520 0.964 -0.176
[(R(12)WWWEWEWE))] 55.586 50.119 55.586 50.336
[(R(11)WWWEEWEW))] 50.278 49.028 62.874 50.613
[(R(10)EEWEWWEW))] 55.943 55.586 70.971 55.586
[(R(9)EEWEEWWW))] 76.674 69.407 79.968 62.874
[(R(8)EWWEEWEW))] 74.084 70.971 89.964 70.971
[(R(9)WWEEEEEE))] 79.968 55.381 43.087 63.907
[(R(7)EEEEEEEE))] 101.071 -0.322 1.746 76.683
[(R(10)EEEEEEEE))] 41.614 0.100 0.381 -0.701
[(R(11)EEEEEEEE))] -0.293 2.237 -2.640 -2.839
[(R(10)EEEWWEEE))] 0.693 13.825 0.760 -0.124
[(R(11)WEWEEEEE))] -0.179 -3.042 -2.570 37.430
[(R(12)EEWEEEEE))] -2.622 -2.513 16.761 -2.663
[(R(13)EEEEEEEE))] -2.436 -2.691 -3.060 -2.635
[(R(13)EWEEEEEW))] 1.423 -2.861 -2.840 -2.753
[(R(14)WEEEEEEE))] -2.662 1.718 -3.082 -2.168
[(R(12)EEEEEEEE))] -2.631 -2.900 -0.255 -2.481
[(R(7)EEEEEWEE))] 55.205 64.855 11.522 0.693
[(R(8)EEEEEWEW))] 32.408 2.089 1.109 53.972
[(R(6)EEEWEEEE))] 113.411 59.524 91.026 72.327
[(R(9)EEWEWWEW))] 1.672 1.810 1.933 1.644
[(R(10)EEWEWWWW))] 2.511 2.499 3.160 1.902
[(R(11)EWEWWEWE))] 62.874 45.775 61.156 46.879
[(R(12)EWEEWEWE))] 2.360 -2.774 1.708 -2.452
[(R(13)EWEEWEWE))] -3.063 -2.836 -2.808 -2.713
[(R(14)EWEEWEWE))] -2.811 -2.859 -3.212 1.873
[(R(5)EEWEWWEW))] 103.447 101.063 127.125 101.070
[(R(4)EEWEWWWW))] 139.408 137.052 142.361 113.412
[(R(16)WWWEEWEW))] -2.929 -2.994 -2.912 -2.757
[(R(15)EEWWEWEW))] -2.862 -2.943 -2.667 -2.835
[(R(14)EWEEEWWE))] -2.840 -3.276 -3.110 -3.329
[(R(15)WWWEWEWE))] -2.965 -2.854 -3.096 -3.205
[(R(15)EWWEWEWE))] 0.981 1.775 1.910 2.095
[(R(16)EWWEWEWW))] 1.682 1.762 1.940 1.955
[(R(3)EWWEWWWW))] 130.843 155.929 159.290 127.125
[(R(2)EWWEWWWW))] 146.347 145.074 178.100 142.361
[(R(1)EWWGWWWW))] 177.493 166.390 199.000 158.016
[(R(17)WWWEWWWW))] 2.261 1.863 1.352 1.948
[(U(12)EWWWWWWW))] 0.445 0.758 0.484 2.633
