[(EWEWWWWE)(17))] -4.495 -4.997 7.676 -4.254
[(EEEWWWEE)(16))] -4.388 -4.256 9.364 -4.349
[(EEEEEEEE)(15))] 9.687 12.504 1.996 8.925
[(EEEWWWEE)(15))] 89.691 35.372 39.977 36.332
[(EEEEEEEE)(14))] 9.931 8.939 8.295 9.422
[(EEEEEEEE)(13))] -2.275 -1.859 2.702 24.595
[(EEEEEEEE)(12))] 5.214 -2.051 10.135 -2.530
[(EWEEWEWE)(16))] -5.197 9.513 -4.788 -5.128
[(EWEEWEWE)(15))] 8.601 0.660 -5.385 -5.403
[(EWEEWEWE)(14))] 0.356 9.233 -1.741 12.933
[(EEEEEEEE)(11))] 6.753 5.438 -2.087 50.854
[(EEEEEEEE)(10))] 60.306 6.853 25.349 27.516
[(EEEEEEEE)(9))] 57.357 71.550 41.697 71.659
[(EWEEWEWE)(11))] 7.786 5.837 5.803 10.487
[(EWEEWEWE)(10))] 68.058 83.458 74.904 95.531
[(EEEEEEEE)(8))] 63.930 74.876 66.365 56.135
[(EEEEEEEE)(7))] 80.405 127.259 77.843 80.940
[(EWEEWEWE)(12))] 22.265 4.174 -1.811 5.327
[(EWEEWEWE)(13))] 7.876 -1.525 -1.548 -1.408
[(EEEEEEEE)(6))] 108.982 111.949 107.818 149.733
[(EEEEEEEE)(5))] 130.265 132.594 130.467 162.902
[(EEEEEEEE)(4))] 103.122 85.947 111.234 145.703
[(EEWEEWEW)(3))] 235.561 47.136 41.335 71.132
[(EEWEEWEW)(2))] 46.171 298.137 42.684 46.225
[(EEEEEEEE)(3))] 173.953 135.373 178.388 133.460
[(GEWEEWEW)(1))] 130.592 173.239 180.187 199.489
[(EEEWWWEE)(14))] 36.048 -4.300 15.940 -4.403
[(EEEWWWEE)(13))] -1.558 -1.623 -2.006 -1.712
[(EEWEEWEW)(10))] -2.313 43.018 -3.088 63.512
[(EEWEEWEW)(9))] 65.831 67.520 -3.417 28.430
[(EEWWWWEW)(11))] 26.365 5.354 8.414 -0.522
[(EEEWWWEE)(12))] 18.499 19.536 18.333 19.213
[(EEWEEWEW)(8))] 35.875 46.411 36.155 89.018
[(EEWEEWEW)(7))] 92.897 84.697 103.297 79.989
[(EEWEEWEW)(6))] 76.259 89.460 79.298 132.135
[(EEWEEWEW)(5))] 122.704 126.922 54.158 159.515
[(EEWEEWEW)(4))] 107.411 82.953 142.906 124.969
[(EEGEEEEE)(2))] 228.366 186.677 211.710 204.898
[(WWWEEEEG)(1))] 224.855 179.833 184.637 198.696
[(EWEEWEWE)(9))] 72.173 73.165 85.044 107.038
[(EWEEWEWE)(8))] 92.030 105.092 95.500 119.982
[(EWEEWEWE)(7))] 129.117 133.436 107.273 132.978
[(WWWEEEEE)(4))] -0.800 -0.800 -2.831 34.194
[(WWWEEEEE)(3))] 127.116 -1.536 -1.514 -1.519
[(WWWEEEEE)(2))] 201.370 161.221 173.187 177.194
[(WWWEEEEE)(5))] -1.536 -1.376 -2.908 48.494
[(WWWEWEWE)(6))] 21.241 -2.066 -2.034 -1.536
[(EWEWWWWE)(8))] 44.218 51.557 46.658 47.492
[(EWEEWEWE)(6))] 138.750 141.442 119.812 148.131
[(WWWEEWEW)(9))] 51.135 24.195 0.000 48.715
[(WWWEEEEE)(10))] 4.877 28.669 49.495 4.800
[(WWWEEEEE)(11))] -0.800 -0.800 45.940 18.788
[(WWWEEEEE)(12))] -0.800 0.000 43.241 0.000
[(EEWGEWEW)(1))] 182.323 179.265 224.507 159.080
[(EEEEEGEE)(2))] 209.710 55.176 63.089 126.413
[(EEEWWWEE)(5))] 142.870 121.954 111.517 127.341
[(EEEWWWEE)(7))] 73.078 101.365 73.883 73.461
[(EEEEEEEE)(2))] 87.078 183.694 180.268 293.765
[(EEEEEEEG)(1))] 350.771 263.240 276.446 216.384
[(EEEWWWEE)(4))] -0.800 134.555 135.388 177.066
[(EEEWWWEE)(3))] -0.800 -0.800 127.480 159.756
[(EEWWWWEW)(2))] 0.000 0.000 158.186 0.000
[(WWWEWEWE)(15))] 0.000 0.000 2.704 -0.800
[(WWWEEEEE)(14))] 0.000 0.000 33.454 0.000
[(EEEWWWEE)(6))] 144.761 106.888 94.446 91.977
[(EWEWWWWE)(14))] 35.319 49.571 36.985 55.026
[(EEWEEWEW)(13))] 9.884 10.370 9.524 -0.894
[(EEWWWWEW)(14))] 10.624 10.788 9.140 9.281
[(WEEEEEEE)(9))] -0.800 61.739 40.182 14.085
[(EWWEEWEW)(10))] 32.498 -0.800 32.772 29.088
[(EWWEEWWW)(11))] 28.232 0.000 29.870 -1.491
[(EEWEEWEW)(11))] 30.891 28.203 19.995 35.215
[(EEWEEEEE)(8))] 113.907 82.473 84.608 81.634
[(EGWEEWEW)(2))] 175.609 222.231 158.234 134.818
[(GEEEEEEE)(1))] 205.719 220.833 239.454 248.613
[(EEWEEEEW)(7))] 98.656 112.365 0.000 0.000
[(EWEEWEWE)(5))] 67.957 50.459 134.104 67.466
[(WWWEWEWE)(3))] 180.244 87.107 144.373 141.019
[(EWEEWEWE)(4))] 160.528 135.936 77.409 74.397
[(EEEWWWEE)(11))] 5.383 29.018 5.157 75.186
[(WWWEEEEE)(17))] 28.728 21.337 28.700 22.183
[(EEEEEEEE)(16))] 33.105 25.354 26.197 23.274
[(EEEEEEEE)(17))] 14.156 -6.344 28.867 -6.108
[(EEWEEWEW)(15))] 32.968 29.127 148.309 28.728
[(EEWEEWEW)(14))] -0.479 -0.828 -1.290 -0.320
[(EEWEEWEW)(12))] -0.534 23.774 -0.463 -1.021
[(WEEEEEEE)(8))] 25.733 45.435 26.694 31.142
[(EWWEEWEW)(7))] 83.666 79.966 79.934 101.071
[(EWWEEWWW)(6))] 84.134 84.543 75.076 83.897
[(EWWEWWWW)(5))] 121.945 116.042 101.071 127.125
[(EEWEEEEE)(9))] 79.968 62.870 62.869 62.874
[(EEWEEEEW)(10))] 55.822 55.586 70.971 55.586
[(EWEEWEWE)(17))] 19.223 -5.387 -5.337 -5.126
[(EWEEWEWE)(18))] -6.001 -5.952 17.405 -5.779
[(EEEEEEEE)(18))] -5.998 -6.002 24.749 -6.129
[(EWEEWEWE)(19))] -5.767 -5.788 8.079 -5.890
[(WWWEEWEW)(16))] 20.643 6.714 22.491 5.674
[(WWWEEEEE)(18))] 24.854 19.489 15.895 16.321
[(WWWEEEEE)(19))] 21.518 -6.201 9.862 21.145
[(WWWEWEWE)(20))] -6.298 -5.968 -6.009 -6.136
[(EWWEWWWW)(4))] 137.683 136.681 113.412 142.361
[(EWWEWWWW)(3))] 128.165 144.735 159.297 127.143
[(EWWEWWWW)(2))] 171.280 175.077 178.100 142.735
[(GWWEWWWW)(1))] 164.596 177.403 174.279 202.142
[(WWWEWWWW)(17))] 10.281 12.449 9.433 10.701
[(EWWEWWWW)(16))] -2.449 -2.227 -2.467 -2.396
[(EWWEWWWW)(15))] -4.519 -4.427 -4.740 -4.482
[(EWWEWWWW)(14))] -4.608 -4.297 -4.014 -4.018
[(EWWEWWWW)(13))] 2.364 62.488 47.784 63.928
[(EWWEWWWW)(12))] 17.430 16.368 27.029 19.780
[(EWEWWWWE)(9))] 103.663 86.896 94.284 128.326
[(EEEWWWEE)(8))] 75.240 110.253 67.212 67.899
[(EEWEEEEE)(5))] 71.275 118.612 0.000 83.232
[(EGEEEEEE)(2))] 71.046 179.270 174.382 310.826
[(EEWEEEEW)(4))] 82.994 83.590 118.312 50.463
[(WWWEEWGW)(1))] 208.021 247.239 191.294 222.300
[(EEEEGEEE)(2))] 205.154 0.000 276.893 0.000
[(EEEEEEGE)(1))] 33.789 258.748 234.244 0.000
[(WEEEEEEE)(6))] 115.314 45.464 61.432 68.285
[(EEEWWWEE)(9))] 50.019 54.333 3.732 -1.189
[(EEEWWWEE)(10))] 17.900 0.000 -0.800 0.000
[(EWWEWWWW)(11))] 33.286 28.810 -2.003 46.248
[(EWWEWWWW)(10))] 37.888 21.501 -2.090 45.131
[(EWWEWWWW)(9))] 42.791 42.814 38.581 45.109
[(EWWEEWWW)(8))] 35.442 0.000 71.452 0.000
[(EWEEWEWE)(3))] 219.485 196.300 189.495 243.531
[(EWEEWEWE)(2))] 327.717 250.563 225.543 257.171
[(EEEGEEEE)(1))] 0.000 0.000 0.000 128.321
[(EWEWWWWE)(13))] 22.390 19.704 22.472 19.264
[(EWWEWEWE)(5))] 166.530 137.016 133.998 160.101
[(EWWEEEEE)(3))] 127.546 130.721 128.699 161.933
[(WEEEEEEE)(4))] 188.221 149.909 150.524 157.955
[(EWWEEEWW)(2))] 173.361 150.284 155.651 180.711
[(EEWEEEEW)(6))] 59.782 66.159 74.838 76.617
[(EEWEEEEE)(7))] 90.057 32.329 40.060 39.900
[(EWWEEWEW)(5))] 70.285 76.809 72.838 131.510
[(EEEEEWEE)(9))] 50.562 49.677 46.056 47.252
[(EEEEEWEW)(10))] 64.476 55.658 62.554 79.410
[(EEWWWWEW)(12))] 31.406 19.426 18.146 37.465
[(EWWEWEWW)(6))] 151.842 142.391 150.617 150.434
[(EWWEWWWW)(7))] 52.876 49.335 82.466 78.920
[(WWWEWWWW)(8))] 49.543 50.074 79.232 52.441
[(EEEWEEEE)(10))] 53.812 50.551 55.340 -3.486
[(EWWEEWEW)(9))] 29.373 29.388 27.276 24.486
[(EEWWWWEW)(15))] -1.474 -1.681 -1.780 -0.943
[(EEEEWEWE)(12))] -0.632 -0.654 -1.499 -1.201
[(EEEEWEEE)(11))] 23.488 35.071 -1.244 -1.600
[(EWWEEWWW)(10))] 23.007 37.074 25.568 22.283
[(WWWEWWWW)(14))] 13.484 13.685 27.001 12.266
[(EWWEEEWW)(12))] 15.879 19.158 24.084 17.401
[(EWWEEEEE)(11))] 24.940 21.898 23.095 24.096
[(EEWEEEEW)(8))] 30.470 29.736 62.347 34.663
[(EEEEEWEE)(11))] 8.938 33.291 0.000 0.000
[(WEEEEEEE)(10))] 72.140 59.297 55.280 22.957
[(EEEEEWEW)(12))] 0.000 0.000 17.862 0.000
[(EWWEWEWE)(13))] 46.623 47.690 47.363 62.252
[(WEEEEEEE)(12))] 22.042 23.659 21.070 9.746
[(EWWEWEWW)(14))] 0.000 -0.800 23.117 0.000
[(EWWEEWWW)(4))] 121.080 122.091 120.142 148.837
[(EEEEWEEE)(9))] 0.000 25.290 0.000 59.072
[(WWWEWWWW)(12))] 34.119 35.654 32.059 32.754
[(EWEWWWWE)(3))] 180.105 156.064 147.878 145.292
[(EEEWWWEE)(2))] 207.355 158.618 161.318 162.486
[(EWWEEEEE)(9))] 54.706 0.000 43.706 0.000
[(EEEEWEEE)(5))] 72.839 -0.800 0.000 0.000
[(EEEWEEEE)(4))] 0.000 0.000 0.000 48.101
[(EEEWWWEG)(1))] 241.407 195.493 185.483 194.358
[(EEEEEWEW)(2))] -0.800 93.071 0.000 0.000
[(EWWEEEWW)(10))] 0.000 22.986 37.103 19.844
[(EEEEEWEE)(3))] 44.364 0.000 0.000 62.232
[(EEWWWWEW)(9))] 47.458 48.011 0.000 0.000
[(EEEEWEWE)(6))] 33.014 0.000 66.368 0.000
[(EWEWWWWE)(12))] 0.000 0.000 0.000 19.503
[(EEEEWEWE)(10))] 27.984 0.000 0.000 0.000
[(WEWEEEEE)(14))] 39.008 53.577 39.708 43.405
[(WWWEEWEW)(15))] 36.337 35.815 36.630 38.528
[(EEWWWWEW)(16))] 37.937 50.723 37.206 51.430
[(EWEEWEWW)(12))] 45.120 52.124 51.665 70.359
[(EWEEWWWE)(11))] 54.385 59.946 55.541 80.594
[(EEEWEWEE)(10))] 56.300 70.235 53.887 59.271
[(WEWEEEEE)(5))] 125.364 157.749 117.410 -3.440
[(EWEEEEEW)(3))] 155.398 166.987 152.969 208.091
[(EEWEEEEE)(4))] 148.832 148.915 142.494 185.793
[(WWEEEEEE)(7))] 60.293 102.925 82.991 58.898
[(EWWEEWEW)(8))] 72.433 70.667 64.802 65.205
[(EEWEEWWW)(9))] 51.721 68.712 83.159 51.540
[(EEWEWWEW)(10))] 47.973 53.192 73.617 41.191
[(WWWEEWEW)(11))] 55.675 40.754 61.930 54.164
[(WWWEWEWE)(12))] 52.944 40.994 45.522 54.391
[(EWEWWEWE)(11))] 63.610 58.601 52.798 40.986
[(EEWEWWEW)(11))] 1.596 49.610 41.739 56.286
[(EEWEWWWW)(12))] 58.491 97.749 1.794 2.272
[(WWWEEEEE)(6))] 142.957 112.947 102.126 133.730
[(WWWEWWWW)(7))] 114.286 123.296 138.985 140.569
[(EWGEEWWE)(2))] 198.337 189.323 186.451 232.726
[(EEEWWEEE)(10))] 4.110 5.217 4.468 42.933
[(EWWWWWWW)(14))] 62.276 -1.300 2.593 1.849
[(EWWWWWWW)(16))] -4.413 -4.499 -4.578 -4.404
[(WWWEWEWG)(1))] 211.207 201.567 198.542 199.662
[(GEWWEWEW)(1))] 206.276 210.877 208.396 260.464
[(WWWEEWEW)(12))] 62.370 59.277 61.999 69.410
[(WWWEWEWE)(11))] 61.895 61.839 78.458 76.121
[(EEWWEWEW)(11))] 63.008 73.605 61.012 59.234
[(EWEEEWWE)(10))] 63.683 61.114 90.219 63.583
[(EWEEEEEW)(9))] 81.235 67.038 101.552 80.589
[(EWWEWEWE)(11))] 60.421 38.335 66.622 38.418
[(WEWEEEEE)(7))] 127.668 100.996 85.910 86.734
[(WWEEEEEE)(5))] 159.801 127.919 132.171 130.487
[(EWWEEWEW)(4))] 148.923 143.002 142.672 177.962
[(EEWEWWEW)(7))] 67.000 72.781 63.429 79.965
[(EEEWEEEE)(8))] 113.360 1.298 56.714 71.970
[(EEWEEWWW)(3))] 198.282 176.456 160.876 198.484
[(EEWEWWWW)(8))] 45.859 42.853 43.893 60.333
[(EWWWWWWW)(12))] 20.678 21.361 36.649 -2.099
[(EWWEWEWW)(12))] 29.036 29.836 35.031 28.609
[(WWWEWWWW)(13))] 24.495 30.154 28.838 23.778
[(EEEWWEEE)(12))] -1.495 -1.435 -1.581 -1.607
[(EEEWEWEE)(14))] -1.263 -1.777 -2.291 -1.973
[(EWEEWWWE)(15))] -2.064 -2.283 -1.568 -1.891
[(EGWEWWEW)(2))] 208.212 220.090 179.299 222.224
[(GWEWWEWE)(1))] 191.008 199.149 170.905 248.774
[(EWEEWEWW)(16))] -1.536 -1.651 -2.066 -1.907
[(EWWEWEWE)(17))] -1.568 3.336 -1.568 -1.683
[(WEWEEEEE)(18))] 24.020 26.196 -0.960 -0.800
[(EEEWWWEE)(19))] -0.800 -1.536 -1.651 27.685
[(EEWWWWEW)(20))] -0.800 47.348 -1.376 -0.800
[(WWWEEWEW)(19))] 30.405 -0.800 0.000 -0.800
[(EWEWWWWE)(18))] -1.376 -2.098 -1.651 -1.536
[(EWEWWWWE)(16))] 42.353 56.191 56.121 59.383
[(EEEWWWEE)(17))] 41.691 49.335 41.043 41.400
[(EEWWWWEW)(18))] 45.458 40.053 40.407 43.417
[(EWWEWEWE)(15))] 51.746 51.786 51.800 67.009
[(EWEEWEWW)(14))] 70.984 62.514 59.307 75.516
[(WWWEEWEW)(17))] 44.836 41.886 45.535 43.119
[(WEWEEEEE)(16))] 45.138 59.254 42.713 41.943
[(EWEEWWWE)(13))] 65.826 80.769 67.011 84.988
[(EEEWEWEE)(12))] 7.702 74.957 37.077 11.253
[(WWEEEEEE)(9))] 80.063 5.429 78.005 36.001
[(WEWEEEEE)(11))] 4.788 5.621 42.315 4.133
[(EEEEEWEW)(8))] 45.566 43.115 27.543 88.802
[(EEEEEWEE)(7))] 76.966 73.018 4.871 62.458
[(EEEWEEEE)(6))] 6.895 76.505 69.290 88.237
[(EEWEWWEW)(5))] 108.894 86.892 127.197 104.314
[(EEWEWWEW)(9))] 4.343 4.142 0.000 49.866
[(EEWEEEEE)(12))] 39.686 5.017 5.323 4.828
[(EWEEEEEW)(13))] 3.372 -0.800 12.420 2.284
[(EEWEWWWW)(10))] 0.000 29.082 0.000 28.939
[(EEWEWWWW)(4))] 129.245 116.410 142.369 113.511
[(WEEEEEEE)(14))] 2.702 14.480 5.258 11.737
[(EWWEWEWW)(16))] 10.398 9.361 7.937 10.750
[(EWEEEWWE)(14))] 0.000 0.000 3.285 1.195
[(EWWGWWWW)(1))] 195.470 175.808 222.633 159.384
[(EEWWEWEW)(15))] 19.442 0.000 0.000 0.000
