[(LEWWE))] 5.041 21.586 4.713 20.680
[(LEWEE))] -0.656 8.210 0.772 6.916
[(LEEWE))] 23.828 13.766 12.051 12.030
[(LEEEE))] 44.608 14.917 1.087 12.886
[(LEWEW))] 4.423 4.226 5.736 2.839
[(LEEEW))] 12.979 171.922 -1.265 26.344
[(U(11)EEWE))] 11.448 28.180 11.983 5.786
[(U(9)EEEE))] -4.293 4.047 22.902 1.367
[(U(8)EEEE))] 41.394 41.921 42.168 23.481
[(U(7)EEEE))] 40.410 39.938 36.817 44.107
[(U(10)EEWE))] 4.629 6.907 32.571 -0.334
[(U(9)EEWE))] 55.915 15.353 15.135 12.028
[(U(8)EEWE))] 18.721 17.236 24.966 17.028
[(U(6)EEEE))] 49.265 41.853 43.199 119.086
[(U(5)EEEE))] 47.823 53.588 100.571 47.958
[(U(4)EEEE))] 107.244 83.004 45.665 99.287
[(U(3)EEEE))] 117.612 130.546 163.183 116.161
[(U(3)WEEE))] 159.357 128.041 38.369 144.499
[(U(2)WEEE))] 177.798 142.551 144.655 160.649
[(U(1)WEEG))] 201.800 167.970 131.547 180.620
[(U(7)EEWE))] 50.894 27.655 51.178 52.341
[(U(5)WEEE))] 132.666 -2.402 24.511 123.200
[(U(4)WEEE))] 142.644 117.104 98.473 34.669
[(U(6)WEWE))] 113.407 -2.066 -2.213 29.588
[(LGEEW))] 165.813 108.932 148.519 200.897
[(U(8)EWWE))] 39.482 99.913 51.128 52.303
[(U(7)EWEE))] 175.406 41.576 39.721 42.719
[(U(6)EWEE))] 42.495 -0.800 33.699 81.886
[(REEEE))] -8.592 -8.582 1.695 -8.625
[(RWEEW))] -2.126 -2.064 -2.085 -2.222
[(RWEEE))] 2.240 -4.141 2.392 -4.083
[(REEEW))] -2.247 11.455 19.723 -2.454
[(U(2)EEEE))] 208.036 194.251 157.490 191.885
[(U(1)EEEG))] 212.841 178.676 141.098 159.825
[(U(6)EEWE))] 26.847 42.714 67.852 30.610
[(U(5)EWEE))] 13.594 47.316 0.000 112.475
[(REEWE))] 14.771 -1.264 -1.771 -1.532
[(REGEW))] 165.718 128.329 206.860 0.000
[(RWEWE))] -2.017 -1.646 -2.215 -2.283
[(LGEEE))] 69.349 212.062 180.979 206.599
[(D(1)WEGW))] 174.498 211.720 137.324 135.401
[(U(5)EEWE))] 17.166 25.259 10.244 12.136
[(U(4)EEWE))] 143.293 130.435 109.353 113.268
[(U(3)WEWE))] 170.479 150.062 124.953 143.406
[(LWEEE))] 11.110 12.081 4.290 126.371
[(LEEWW))] 22.267 19.823 24.291 23.031
[(D(15)EEWW))] 10.091 2.331 6.850 0.656
[(D(16)EEWW))] 1.207 0.721 10.590 0.945
[(D(17)WEWW))] -0.982 -0.940 0.748 0.961
[(U(17)WEEE))] 3.758 94.885 1.896 2.840
[(U(18)WEEE))] 4.707 3.985 26.438 2.073
[(U(17)EEEE))] -0.002 -2.621 0.631 -2.313
[(U(18)EEEE))] -0.319 -2.183 -2.459 -1.986
[(U(19)WEEE))] 3.773 -2.431 -2.383 -2.531
[(U(16)WEEW))] 2.632 -1.363 2.125 2.994
[(U(15)EEEW))] 1.934 1.545 1.197 2.365
[(U(15)EEEE))] 0.026 0.788 1.989 0.332
[(U(16)EEEE))] 15.876 0.235 -0.042 -0.028
[(U(20)WEWE))] -2.585 -4.008 -2.753 -1.956
[(U(19)EEWE))] -4.275 -1.450 -2.219 -1.893
[(U(18)EEWE))] -1.787 -2.277 -0.480 -1.304
[(U(17)EEWE))] -0.902 -2.108 0.051 -0.225
[(U(16)EEWE))] 0.475 -2.637 0.616 0.015
[(U(15)EEWE))] -4.816 5.191 -5.122 4.889
[(LGEWW))] 161.907 142.918 128.955 193.223
[(U(3)EEWE))] 80.681 107.491 26.335 175.342
[(U(2)EEWE))] 193.684 169.247 169.859 172.558
[(D(11)EEWW))] 1.977 9.729 8.727 9.458
[(D(10)EEWW))] -0.864 -0.593 12.241 -0.295
[(D(9)EEWW))] 4.402 5.788 6.563 5.988
[(D(8)EEWW))] 5.613 4.719 20.316 3.206
[(D(7)EEEW))] 19.274 19.114 21.372 19.529
[(D(3)EEEW))] 34.709 15.223 114.081 201.362
[(D(1)EEGE))] 196.665 300.506 120.133 174.092
[(REGEE))] 92.374 216.067 203.075 35.880
[(D(2)EEEW))] 186.868 205.856 178.514 163.699
[(D(7)EEWW))] 1.078 -2.725 -2.504 -2.851
[(D(12)EEWW))] 1.613 3.117 9.272 1.447
[(D(13)EEWW))] 0.330 0.681 6.933 -0.060
[(D(14)WEWW))] 0.321 0.334 -0.010 0.365
[(D(8)WEWW))] -2.697 -2.396 -2.857 -2.191
[(U(7)EEWW))] 7.116 8.016 6.793 -6.043
[(U(8)WEWW))] 7.858 7.778 -6.268 7.192
[(U(3)EEWW))] 0.000 0.000 0.000 0.000
[(U(14)WEWW))] -7.046 -7.002 -6.950 -6.760
[(U(13)EEWW))] -6.841 -6.823 -6.977 -6.835
[(U(12)EEWW))] 2.971 2.494 1.952 2.973
[(U(11)EEEE))] 1.016 -0.227 0.488 3.180
[(U(11)EEWW))] 30.570 33.699 -0.938 31.367
[(U(12)WEWW))] 21.977 22.757 22.986 21.842
[(U(12)WEEE))] 6.983 -7.073 -6.855 -6.912
[(U(12)EEWE))] 1.613 -1.202 -2.397 13.812
[(U(13)EEWE))] -2.392 36.597 -2.032 -2.245
[(U(14)EEWW))] 2.800 76.461 4.542 -1.990
[(U(15)EEWW))] -7.332 -7.342 -7.293 -7.790
[(U(16)WEWW))] -7.857 -7.859 -5.148 -7.812
[(U(3)EWWE))] 158.823 137.258 130.524 125.744
[(U(1)EWEG))] 190.733 189.766 146.469 137.242
[(U(2)EWEE))] 172.968 140.811 150.208 144.268
[(U(1)WEWG))] 200.056 131.261 162.260 169.697
[(LGWEW))] 182.587 146.308 172.840 204.348
[(U(6)EEWW))] 38.449 12.194 34.300 41.140
[(U(7)WEWW))] 13.353 11.628 36.906 14.328
[(LWEEW))] 6.774 3.174 4.653 -0.464
[(LEWWW))] 0.178 1.917 1.311 0.952
[(D(10)EEEW))] 7.220 6.529 5.746 5.642
[(D(11)EWWE))] 6.283 1.016 0.861 0.535
[(D(11)WEEW))] 6.914 0.414 6.169 0.585
[(D(12)WEWE))] 20.081 0.538 0.560 9.372
[(LGWWE))] 128.369 160.817 195.192 198.322
[(D(2)WEWE))] 0.000 0.000 0.000 0.000
[(U(12)WEEW))] -0.443 -0.557 -0.784 -2.681
[(U(11)WEWE))] 0.077 -0.244 -0.446 -1.045
[(U(9)EEEW))] 68.081 3.768 -1.075 6.615
[(U(11)EWEW))] -0.809 5.910 0.040 -0.457
[(U(10)WEEE))] 0.634 33.782 0.400 0.665
[(U(13)WEWW))] 2.822 3.071 2.305 3.033
[(U(6)EWWE))] 0.000 0.000 0.000 0.000
[(U(16)EWWE))] 10.527 9.052 11.261 9.228
[(U(17)EWEE))] 10.964 9.583 10.641 10.791
[(U(18)EWEW))] 10.614 10.561 11.865 10.906
[(U(17)WEEW))] 11.626 11.784 11.047 10.593
[(U(16)WEEE))] 10.957 10.901 10.884 10.205
[(U(12)EWEE))] -1.683 -2.532 -2.355 14.311
[(U(11)EWEE))] -1.633 14.965 -2.081 -1.753
[(REWEE))] -2.381 -2.121 -1.580 -1.089
[(REEWW))] 154.349 17.292 20.888 -1.906
[(U(12)EWWW))] -0.978 -1.583 -1.488 44.420
[(REWWE))] 21.332 -1.717 -2.247 -1.912
[(RWEWW))] 16.070 11.894 11.087 15.232
[(REGWW))] 149.365 173.143 201.022 143.158
[(REWEW))] -0.051 1.903 -0.729 -0.593
